1766971238477 1.30485 0
1766971475629 1.24283 1
1766971665194 1.30887 2
1766971889676 1.34853 3
1766972181448 1.29164 4
1766972437504 1.24535 5
1766972695815 1.21436 6
1766972939997 1.19 7
1766973185885 1.17715 8
1766973429464 1.14808 9
1766973635377 1.13598 10
1766973838904 1.12573 11
1766974095090 1.11396 12
1766974316948 1.0965 13
1766974559291 1.09338 14
1766974791660 1.07729 15
1766975011773 1.07098 16
1766975225473 1.06489 17
1766975464154 1.05152 18
1766975703421 1.04687 19
1766975952593 1.03901 20
1766976197724 1.02992 21
1766976456755 1.02149 22
1766976707682 1.01675 23
1766976960807 1.01075 24
1766977217281 1.00808 25
1766977467873 1.00161 26
1766977715947 0.99553 27
1766977958147 0.99735 28
1766978162789 0.98082 29
1766978394160 0.97827 30
1766978632515 0.97149 31
1766978881088 0.97516 32
1766979122970 0.96748 33
