1766971238477 3.10813 0
1766971475629 2.39441 1
1766971665194 2.29704 2
1766971889676 2.22474 3
1766972181448 2.07709 4
1766972437504 1.9745 5
1766972695815 1.90448 6
1766972939997 1.85086 7
1766973185885 1.81475 8
1766973429464 1.78202 9
1766973635377 1.7513 10
1766973838904 1.7281 11
1766974095090 1.7007 12
1766974316948 1.67549 13
1766974559291 1.66591 14
1766974791660 1.6341 15
1766975011773 1.62909 16
1766975225473 1.60065 17
1766975464154 1.59055 18
1766975703421 1.5851 19
1766975952593 1.56168 20
1766976197724 1.55037 21
1766976456755 1.53253 22
1766976707682 1.53185 23
1766976960807 1.51965 24
1766977217281 1.50623 25
1766977467873 1.50832 26
1766977715947 1.48415 27
1766977958147 1.48245 28
1766978162789 1.47384 29
1766978394160 1.45662 30
1766978632515 1.45479 31
1766978881088 1.4496 32
1766979122970 1.443 33
