1766971238477 1.28721 0
1766971475629 1.23687 1
1766971665194 1.27254 2
1766971889676 1.30784 3
1766972181448 1.27548 4
1766972437504 1.25427 5
1766972695815 1.23526 6
1766972939997 1.22364 7
1766973185885 1.2174 8
1766973429464 1.19966 9
1766973635377 1.19019 10
1766973838904 1.1872 11
1766974095090 1.17747 12
1766974316948 1.16776 13
1766974559291 1.1661 14
1766974791660 1.15425 15
1766975011773 1.15258 16
1766975225473 1.14893 17
1766975464154 1.14359 18
1766975703421 1.14127 19
1766975952593 1.12984 20
1766976197724 1.13452 21
1766976456755 1.12314 22
1766976707682 1.11967 23
1766976960807 1.11736 24
1766977217281 1.11636 25
1766977467873 1.11554 26
1766977715947 1.11113 27
1766977958147 1.11042 28
1766978162789 1.10212 29
1766978394160 1.10144 30
1766978632515 1.09623 31
1766978881088 1.09793 32
1766979122970 1.09495 33
