1766971238477 0.0033289588801399825 0
1766971475629 0.00659633552055993 1
1766971665194 0.009797712160979877 2
1766971889676 0.009703 3
1766972181448 0.009604 4
1766972437504 0.009505 5
1766972695815 0.009406 6
1766972939997 0.009307 7
1766973185885 0.009208000000000001 8
1766973429464 0.009109 9
1766973635377 0.00901 10
1766973838904 0.008911 11
1766974095090 0.008812 12
1766974316948 0.008713 13
1766974559291 0.008614 14
1766974791660 0.008515 15
1766975011773 0.008416 16
1766975225473 0.008317 17
1766975464154 0.008218000000000001 18
1766975703421 0.008119000000000001 19
1766975952593 0.008020000000000001 20
1766976197724 0.007921000000000001 21
1766976456755 0.007822 22
1766976707682 0.007723 23
1766976960807 0.007624 24
1766977217281 0.007525 25
1766977467873 0.007426 26
1766977715947 0.007327 27
1766977958147 0.007228 28
1766978162789 0.007129 29
1766978394160 0.00703 30
1766978632515 0.006931 31
1766978881088 0.0068319999999999995 32
1766979122970 0.006732999999999999 33
