1766980946023 0.23508 34
1766981187874 0.23661 35
1766981408982 0.23205 36
1766981594082 0.23229 37
1766981774829 0.23007 38
1766981954708 0.23628 39
1766982167455 0.23582 40
1766982410378 0.23819 41
1766982643841 0.23171 42
1766982875360 0.22895 43
1766983116579 0.22864 44
1766983355819 0.22512 45
1766983590552 0.22125 46
1766983770868 0.22087 47
1766983950001 0.21542 48
1766987639879 0.21876 49
1766987840130 0.2191 50
1766988011982 0.21553 51
1766989271892 0.2176 52
1766989479948 0.21553 53
1766989684650 0.21361 54
1766989894440 0.21325 55
1766990102318 0.21276 56
1766990319438 0.21234 57
1766990526167 0.21218 58
1766990732319 0.2094 59
1766990939465 0.20871 60
1766991159308 0.20725 61
1766991366445 0.20525 62
1766991575292 0.20433 63
1766991785121 0.20379 64
1766992003395 0.20291 65
1766992209550 0.2018 66
1766992416596 0.20092 67
1766992623234 0.19934 68
1766992834538 0.19809 69
1766993049958 0.19736 70
1766993256327 0.19717 71
1766993463354 0.1967 72
1766993670484 0.19626 73
1766993891232 0.19562 74
1766994100503 0.19475 75
1766994317467 0.19367 76
1766994526667 0.19369 77
1766994747480 0.19284 78
1766994956671 0.19203 79
1766995165761 0.19103 80
1766995374482 0.19 81
1766995594595 0.18948 82
1766995803554 0.1889 83
1766996009405 0.18844 84
1766996214431 0.18795 85
1766996423459 0.18745 86
1766996637089 0.18693 87
1766996842942 0.1865 88
1766997048803 0.18609 89
1766997292219 0.18557 90
1766997504793 0.18478 91
1766997561720 0.24615019504364355 91
