1766980946023 0.17712 34
1766981187874 0.17824 35
1766981408982 0.17492 36
1766981594082 0.17557 37
1766981774829 0.1745 38
1766981954708 0.17998 39
1766982167455 0.17915 40
1766982410378 0.18185 41
1766982643841 0.17647 42
1766982875360 0.17423 43
1766983116579 0.17439 44
1766983355819 0.17215 45
1766983590552 0.1691 46
1766983770868 0.16894 47
1766983950001 0.16483 48
1766987639879 0.16802 49
1766987840130 0.16794 50
1766988011982 0.16523 51
1766989271892 0.16732 52
1766989479948 0.1656 53
1766989684650 0.16397 54
1766989894440 0.16354 55
1766990102318 0.16326 56
1766990319438 0.16279 57
1766990526167 0.16306 58
1766990732319 0.16066 59
1766990939465 0.16016 60
1766991159308 0.15905 61
1766991366445 0.15758 62
1766991575292 0.157 63
1766991785121 0.15662 64
1766992003395 0.15617 65
1766992209550 0.15546 66
1766992416596 0.1548 67
1766992623234 0.15352 68
1766992834538 0.15262 69
1766993049958 0.15182 70
1766993256327 0.15193 71
1766993463354 0.15149 72
1766993670484 0.15119 73
1766993891232 0.15066 74
1766994100503 0.14993 75
1766994317467 0.14923 76
1766994526667 0.14932 77
1766994747480 0.14867 78
1766994956671 0.14793 79
1766995165761 0.14702 80
1766995374482 0.14625 81
1766995594595 0.14589 82
1766995803554 0.14545 83
1766996009405 0.1451 84
1766996214431 0.14481 85
1766996423459 0.1443 86
1766996637089 0.14396 87
1766996842942 0.14373 88
1766997048803 0.14345 89
1766997292219 0.14301 90
1766997504793 0.14241 91
1766997561720 0.1854189064902757 91
