1766980946023 0.27959 34
1766981187874 0.28129 35
1766981408982 0.27935 36
1766981594082 0.27616 37
1766981774829 0.27849 38
1766981954708 0.28427 39
1766982167455 0.28476 40
1766982410378 0.28915 41
1766982643841 0.28055 42
1766982875360 0.27632 43
1766983116579 0.27709 44
1766983355819 0.27139 45
1766983590552 0.27252 46
1766983770868 0.2697 47
1766983950001 0.26604 48
1766987639879 0.26915 49
1766987840130 0.26997 50
1766988011982 0.26695 51
1766989271892 0.26729 52
1766989479948 0.26609 53
1766989684650 0.26573 54
1766989894440 0.26419 55
1766990102318 0.26368 56
1766990319438 0.26278 57
1766990526167 0.2644 58
1766990732319 0.2637 59
1766990939465 0.26563 60
1766991159308 0.26536 61
1766991366445 0.26387 62
1766991575292 0.26212 63
1766991785121 0.26243 64
1766992003395 0.2621 65
1766992209550 0.26147 66
1766992416596 0.25991 67
1766992623234 0.26021 68
1766992834538 0.25845 69
1766993049958 0.25731 70
1766993256327 0.25674 71
1766993463354 0.25746 72
1766993670484 0.25766 73
1766993891232 0.25715 74
1766994100503 0.25723 75
1766994317467 0.25674 76
1766994526667 0.25663 77
1766994747480 0.25673 78
1766994956671 0.25626 79
1766995165761 0.25677 80
1766995374482 0.2563 81
1766995594595 0.25511 82
1766995803554 0.25499 83
1766996009405 0.25456 84
1766996214431 0.2543 85
1766996423459 0.25443 86
1766996637089 0.25446 87
1766996842942 0.25323 88
1766997048803 0.25358 89
1766997292219 0.25268 90
1766997504793 0.25201 91
1766997561720 0.29020895312304595 91
