1766980946023 0.45392 34
1766981187874 0.45857 35
1766981408982 0.45208 36
1766981594082 0.45243 37
1766981774829 0.44529 38
1766981954708 0.45201 39
1766982167455 0.44989 40
1766982410378 0.44789 41
1766982643841 0.45025 42
1766982875360 0.45087 43
1766983116579 0.45003 44
1766983355819 0.44621 45
1766983590552 0.42979 46
1766983770868 0.4363 47
1766983950001 0.42524 48
1766987639879 0.42768 49
1766987840130 0.42828 50
1766988011982 0.42797 51
1766989271892 0.42866 52
1766989479948 0.43178 53
1766989684650 0.42764 54
1766989894440 0.43074 55
1766990102318 0.42803 56
1766990319438 0.43104 57
1766990526167 0.43074 58
1766990732319 0.4288 59
1766990939465 0.42214 60
1766991159308 0.41818 61
1766991366445 0.41649 62
1766991575292 0.4121 63
1766991785121 0.41671 64
1766992003395 0.41856 65
1766992209550 0.41737 66
1766992416596 0.41878 67
1766992623234 0.41386 68
1766992834538 0.41567 69
1766993049958 0.4157 70
1766993256327 0.41479 71
1766993463354 0.41354 72
1766993670484 0.41172 73
1766993891232 0.41376 74
1766994100503 0.41129 75
1766994317467 0.40996 76
1766994526667 0.41051 77
1766994747480 0.40825 78
1766994956671 0.40699 79
1766995165761 0.40445 80
1766995374482 0.40319 81
1766995594595 0.40428 82
1766995803554 0.40217 83
1766996009405 0.40305 84
1766996214431 0.40287 85
1766996423459 0.40312 86
1766996637089 0.40091 87
1766996842942 0.40209 88
1766997048803 0.40049 89
1766997292219 0.40074 90
1766997504793 0.40127 91
1766997561720 0.46629229801341604 91
