1767002947187 0.30929 0
1767003555818 0.3646 1
1767004172674 0.35066 2
1767004782008 0.37209 3
1767005371450 0.39495 4
1767005987692 0.40623 5
1767011368439 0.41071 6
1767011965253 0.41501 7
1767012554058 0.42255 8
1767013149230 0.4213 9
1767016147094 0.4189 10
1767016562877 0.43791 11
1767017056754 0.43944 12
1767017517663 0.44152 13
1767018113157 0.43992 14
1767018529343 0.4439 15
1767018915570 0.44572 16
1767020257792 0.44293 17
1767020863929 0.44747 18
1767021466217 0.4536 19
1767022069991 0.4485 20
1767022646067 0.44901 21
1767023247469 0.44945 22
1767023854959 0.44817 23
1767024452413 0.4492 24
1767025057196 0.44813 25
1767025662046 0.44848 26
1767026244381 0.44808 27
1767026843519 0.44982 28
1767027455303 0.45031 29
1767028053629 0.44874 30
1767028655803 0.44941 31
1767029258465 0.44866 32
1767029836695 0.44899 33
1767030440337 0.4497 34
1767031050894 0.45045 35
1767031651041 0.45066 36
1767032252123 0.45061 37
1767032852791 0.45009 38
1767033433132 0.44959 39
1767034032590 0.44915 40
1767034646625 0.44896 41
1767035241783 0.44851 42
1767035845671 0.44817 43
1767036449518 0.44774 44
1767037029076 0.44757 45
1767037636405 0.44709 46
1767038253277 0.44712 47
1767038845780 0.44678 48
1767039447857 0.44677 49
1767040052951 0.44657 50
1767040632433 0.44661 51
1767041234627 0.44637 52
1767041845035 0.44617 53
1767042440897 0.44596 54
1767043051565 0.44577 55
1767043656423 0.44551 56
1767044237352 0.44521 57
1767044840409 0.44487 58
1767045449805 0.4448 59
1767046050152 0.44471 60
1767046652046 0.44399 61
1767047258310 0.4439 62
1767047840378 0.44378 63
1767048444329 0.44393 64
1767049052966 0.44372 65
1767049653579 0.44336 66
1767050257700 0.44321 67
1767050315726 0.4506743981567643 67
