1767002947187 0.16139 0
1767003555818 0.19019 1
1767004172674 0.18262 2
1767004782008 0.20144 3
1767005371450 0.2236 4
1767005987692 0.23308 5
1767011368439 0.2367 6
1767011965253 0.24436 7
1767012554058 0.24731 8
1767013149230 0.24962 9
1767016147094 0.25247 10
1767016562877 0.26101 11
1767017056754 0.26248 12
1767017517663 0.26651 13
1767018113157 0.26665 14
1767018529343 0.27013 15
1767018915570 0.27394 16
1767020257792 0.27218 17
1767020863929 0.27349 18
1767021466217 0.28001 19
1767022069991 0.27439 20
1767022646067 0.27589 21
1767023247469 0.27779 22
1767023854959 0.27652 23
1767024452413 0.27683 24
1767025057196 0.27629 25
1767025662046 0.27729 26
1767026244381 0.27639 27
1767026843519 0.27673 28
1767027455303 0.27815 29
1767028053629 0.27789 30
1767028655803 0.27855 31
1767029258465 0.27855 32
1767029836695 0.27905 33
1767030440337 0.27972 34
1767031050894 0.28028 35
1767031651041 0.2808 36
1767032252123 0.28091 37
1767032852791 0.28025 38
1767033433132 0.28023 39
1767034032590 0.28028 40
1767034646625 0.28018 41
1767035241783 0.27997 42
1767035845671 0.27992 43
1767036449518 0.27985 44
1767037029076 0.27945 45
1767037636405 0.27928 46
1767038253277 0.27918 47
1767038845780 0.27913 48
1767039447857 0.27918 49
1767040052951 0.2791 50
1767040632433 0.27931 51
1767041234627 0.27913 52
1767041845035 0.27891 53
1767042440897 0.27858 54
1767043051565 0.27842 55
1767043656423 0.27816 56
1767044237352 0.27828 57
1767044840409 0.27803 58
1767045449805 0.27797 59
1767046050152 0.27808 60
1767046652046 0.27796 61
1767047258310 0.27807 62
1767047840378 0.27781 63
1767048444329 0.27804 64
1767049052966 0.27783 65
1767049653579 0.27769 66
1767050257700 0.27773 67
1767050315726 0.28082254501642234 67
