1767002947187 0.35554 0
1767003555818 0.47061 1
1767004172674 0.39475 2
1767004782008 0.43694 3
1767005371450 0.44957 4
1767005987692 0.42405 5
1767011368439 0.43476 6
1767011965253 0.4482 7
1767012554058 0.45257 8
1767013149230 0.44081 9
1767016147094 0.44827 10
1767016562877 0.46162 11
1767017056754 0.45366 12
1767017517663 0.46083 13
1767018113157 0.45817 14
1767018529343 0.46146 15
1767018915570 0.45815 16
1767020257792 0.46883 17
1767020863929 0.45901 18
1767021466217 0.4816 19
1767022069991 0.46769 20
1767022646067 0.46098 21
1767023247469 0.45785 22
1767023854959 0.45785 23
1767024452413 0.45686 24
1767025057196 0.45564 25
1767025662046 0.46116 26
1767026244381 0.45812 27
1767026843519 0.46552 28
1767027455303 0.46896 29
1767028053629 0.46261 30
1767028655803 0.46102 31
1767029258465 0.46128 32
1767029836695 0.4532 33
1767030440337 0.45337 34
1767031050894 0.45295 35
1767031651041 0.45204 36
1767032252123 0.45232 37
1767032852791 0.45425 38
1767033433132 0.45458 39
1767034032590 0.45604 40
1767034646625 0.45205 41
1767035241783 0.45112 42
1767035845671 0.45071 43
1767036449518 0.45052 44
1767037029076 0.45002 45
1767037636405 0.44949 46
1767038253277 0.45131 47
1767038845780 0.45033 48
1767039447857 0.45024 49
1767040052951 0.44911 50
1767040632433 0.44974 51
1767041234627 0.44935 52
1767041845035 0.45057 53
1767042440897 0.44994 54
1767043051565 0.44817 55
1767043656423 0.44853 56
1767044237352 0.44694 57
1767044840409 0.44637 58
1767045449805 0.44547 59
1767046050152 0.44481 60
1767046652046 0.44477 61
1767047258310 0.44415 62
1767047840378 0.44411 63
1767048444329 0.44287 64
1767049052966 0.44375 65
1767049653579 0.44393 66
1767050257700 0.44309 67
1767050315726 0.45224358528229514 67
