1767002947187 0.40389 0
1767003555818 0.4303 1
1767004172674 0.42625 2
1767004782008 0.44934 3
1767005371450 0.44806 4
1767005987692 0.48501 5
1767011368439 0.48419 6
1767011965253 0.49272 7
1767012554058 0.50818 8
1767013149230 0.50982 9
1767016147094 0.49585 10
1767016562877 0.50687 11
1767017056754 0.52175 12
1767017517663 0.51078 13
1767018113157 0.5101 14
1767018529343 0.52126 15
1767018915570 0.51429 16
1767020257792 0.51392 17
1767020863929 0.52654 18
1767021466217 0.51358 19
1767022069991 0.51258 20
1767022646067 0.52294 21
1767023247469 0.5239 22
1767023854959 0.53055 23
1767024452413 0.52689 24
1767025057196 0.5305 25
1767025662046 0.5201 26
1767026244381 0.52289 27
1767026843519 0.5209 28
1767027455303 0.51958 29
1767028053629 0.52019 30
1767028655803 0.52141 31
1767029258465 0.51845 32
1767029836695 0.52681 33
1767030440337 0.52945 34
1767031050894 0.53071 35
1767031651041 0.53303 36
1767032252123 0.53124 37
1767032852791 0.52894 38
1767033433132 0.52662 39
1767034032590 0.52563 40
1767034646625 0.52774 41
1767035241783 0.52834 42
1767035845671 0.52897 43
1767036449518 0.52787 44
1767037029076 0.52802 45
1767037636405 0.52954 46
1767038253277 0.52822 47
1767038845780 0.52875 48
1767039447857 0.52769 49
1767040052951 0.52847 50
1767040632433 0.52883 51
1767041234627 0.52664 52
1767041845035 0.52586 53
1767042440897 0.52609 54
1767043051565 0.52687 55
1767043656423 0.5253 56
1767044237352 0.52625 57
1767044840409 0.52636 58
1767045449805 0.52603 59
1767046050152 0.52591 60
1767046652046 0.52534 61
1767047258310 0.5248 62
1767047840378 0.52546 63
1767048444329 0.52689 64
1767049052966 0.52462 65
1767049653579 0.52428 66
1767050257700 0.52493 67
1767050315726 0.5312232127893767 67
