1767002883486 0.003332273112807464 0
1767003496700 0.006599616942324003 1
1767004114543 0.009800960771840542 2
1767004723882 0.009703 3
1767005314323 0.009604 4
1767005929800 0.009505 5
1767011304896 0.009406 6
1767011909121 0.009307 7
1767012498928 0.009208000000000001 8
1767013085843 0.009109 9
1767016095543 0.00901 10
1767016526222 0.008911 11
1767017002825 0.008812 12
1767017462295 0.008713 13
1767018055978 0.008614 14
1767018492219 0.008515 15
1767018881873 0.008416 16
1767020199509 0.008317 17
1767020805068 0.008218000000000001 18
1767021409722 0.008119000000000001 19
1767022013695 0.008020000000000001 20
1767022589608 0.007921000000000001 21
1767023191965 0.007822 22
1767023796630 0.007723 23
1767024395781 0.007624 24
1767025000520 0.007525 25
1767025605098 0.007426 26
1767026187913 0.007327 27
1767026786871 0.007228 28
1767027397717 0.007129 29
1767027996699 0.00703 30
1767028600450 0.006931 31
1767029202284 0.0068319999999999995 32
1767029780849 0.006732999999999999 33
1767030384448 0.006633999999999999 34
1767030992352 0.006535 35
1767031594102 0.006436000000000001 36
1767032195910 0.006337000000000001 37
1767032797018 0.0062380000000000005 38
1767033376837 0.006139 39
1767033976490 0.00604 40
1767034588624 0.005941000000000001 41
1767035185761 0.005842000000000001 42
1767035789733 0.005743000000000001 43
1767036393767 0.005644000000000001 44
1767036973300 0.0055450000000000004 45
1767037579820 0.005446000000000001 46
1767038196383 0.005347000000000001 47
1767038789386 0.005248000000000001 48
1767039392125 0.005149 49
1767039996571 0.00505 50
1767040576339 0.004951 51
1767041178664 0.0048519999999999995 52
1767041787032 0.004753 53
1767042385065 0.004654 54
1767042993358 0.004555 55
1767043599494 0.004456 56
1767044181094 0.004357000000000001 57
1767044784081 0.0042580000000000005 58
1767045392643 0.004159 59
1767045993561 0.00406 60
1767046597049 0.003961 61
1767047202559 0.003862 62
1767047784426 0.0037630000000000003 63
1767048387829 0.003664 64
1767048994990 0.003565 65
1767049597285 0.003466 66
1767050201037 0.0033669999999999993 67
