1766980884707 0.006633999999999999 34
1766981129798 0.006535 35
1766981367530 0.006436000000000001 36
1766981554307 0.006337000000000001 37
1766981735953 0.0062380000000000005 38
1766981915752 0.006139 39
1766982107646 0.00604 40
1766982353776 0.005941000000000001 41
1766982587717 0.005842000000000001 42
1766982820009 0.005743000000000001 43
1766983054345 0.005644000000000001 44
1766983299399 0.0055450000000000004 45
1766983534825 0.005446000000000001 46
1766983732980 0.005347000000000001 47
1766983910262 0.005248000000000001 48
1766987587844 0.005149 49
1766987803437 0.00505 50
1766987975393 0.004951 51
1766989218922 0.0048519999999999995 52
1766989430346 0.004753 53
1766989635271 0.004654 54
1766989844956 0.004555 55
1766990050908 0.004456 56
1766990270342 0.004357000000000001 57
1766990476593 0.0042580000000000005 58
1766990682985 0.004159 59
1766990890227 0.00406 60
1766991110209 0.003961 61
1766991317281 0.003862 62
1766991526102 0.0037630000000000003 63
1766991735226 0.003664 64
1766991948978 0.003565 65
1766992160474 0.003466 66
1766992367250 0.0033669999999999993 67
1766992573907 0.003268 68
1766992780272 0.003169000000000001 69
1766993000514 0.0030700000000000007 70
1766993207146 0.0029710000000000006 71
1766993413712 0.002872 72
1766993621173 0.0027730000000000007 73
1766993841921 0.002674 74
1766994050909 0.002575 75
1766994265477 0.002476 76
1766994477622 0.002377 77
1766994697622 0.0022779999999999996 78
1766994907316 0.002179 79
1766995116423 0.00208 80
1766995325328 0.0019809999999999993 81
1766995539779 0.0018820000000000006 82
1766995754725 0.0017830000000000005 83
1766995960180 0.0016840000000000006 84
1766996165530 0.0015850000000000003 85
1766996370504 0.0014860000000000001 86
1766996588316 0.0013870000000000002 87
1766996793743 0.001288 88
1766997000179 0.0011889999999999997 89
1766997241954 0.0010899999999999998 90
1766997456706 0.0009909999999999997 91
