1767002883486 1.68927 0
1767003496700 1.62248 1
1767004114543 1.65111 2
1767004723882 1.65876 3
1767005314323 1.5955 4
1767005929800 1.54761 5
1767011304896 1.52218 6
1767011909121 1.49951 7
1767012498928 1.47357 8
1767013085843 1.46238 9
1767016095543 1.4564 10
1767016526222 1.44204 11
1767017002825 1.43147 12
1767017462295 1.41294 13
1767018055978 1.41704 14
1767018492219 1.40129 15
1767018881873 1.39382 16
1767020199509 1.38738 17
1767020805068 1.38301 18
1767021409722 1.37728 19
1767022013695 1.37367 20
1767022589608 1.36687 21
1767023191965 1.36413 22
1767023796630 1.35513 23
1767024395781 1.35543 24
1767025000520 1.35015 25
1767025605098 1.34932 26
1767026187913 1.34821 27
1767026786871 1.33968 28
1767027397717 1.33594 29
1767027996699 1.33976 30
1767028600450 1.32829 31
1767029202284 1.32524 32
1767029780849 1.32255 33
1767030384448 1.32004 34
1767030992352 1.31796 35
1767031594102 1.31765 36
1767032195910 1.30861 37
1767032797018 1.30885 38
1767033376837 1.30031 39
1767033976490 1.30083 40
1767034588624 1.30357 41
1767035185761 1.29548 42
1767035789733 1.29808 43
1767036393767 1.29258 44
1767036973300 1.29273 45
1767037579820 1.29146 46
1767038196383 1.28423 47
1767038789386 1.28543 48
1767039392125 1.27826 49
1767039996571 1.27657 50
1767040576339 1.27055 51
1767041178664 1.27195 52
1767041787032 1.26756 53
1767042385065 1.26664 54
1767042993358 1.26682 55
1767043599494 1.2619 56
1767044181094 1.25651 57
1767044784081 1.25307 58
1767045392643 1.25501 59
1767045993561 1.24791 60
1767046597049 1.24789 61
1767047202559 1.24402 62
1767047784426 1.23715 63
1767048387829 1.24158 64
1767048994990 1.23629 65
1767049597285 1.22893 66
1767050201037 1.2323 67
