1767002883486 2.99509 0
1767003496700 2.30408 1
1767004114543 2.24496 2
1767004723882 2.16777 3
1767005314323 2.02095 4
1767005929800 1.9257 5
1767011304896 1.84947 6
1767011909121 1.81409 7
1767012498928 1.7561 8
1767013085843 1.73468 9
1767016095543 1.71447 10
1767016526222 1.68676 11
1767017002825 1.67244 12
1767017462295 1.63847 13
1767018055978 1.6366 14
1767018492219 1.61133 15
1767018881873 1.60117 16
1767020199509 1.5882 17
1767020805068 1.57419 18
1767021409722 1.55905 19
1767022013695 1.5508 20
1767022589608 1.54322 21
1767023191965 1.53484 22
1767023796630 1.52273 23
1767024395781 1.51322 24
1767025000520 1.51056 25
1767025605098 1.50167 26
1767026187913 1.49787 27
1767026786871 1.49494 28
1767027397717 1.48478 29
1767027996699 1.48826 30
1767028600450 1.47041 31
1767029202284 1.46962 32
1767029780849 1.46639 33
1767030384448 1.45363 34
1767030992352 1.45444 35
1767031594102 1.44938 36
1767032195910 1.43455 37
1767032797018 1.43738 38
1767033376837 1.42906 39
1767033976490 1.42235 40
1767034588624 1.42742 41
1767035185761 1.416 42
1767035789733 1.40879 43
1767036393767 1.40865 44
1767036973300 1.40679 45
1767037579820 1.40761 46
1767038196383 1.39462 47
1767038789386 1.39804 48
1767039392125 1.38481 49
1767039996571 1.38243 50
1767040576339 1.37572 51
1767041178664 1.36838 52
1767041787032 1.37552 53
1767042385065 1.36532 54
1767042993358 1.36585 55
1767043599494 1.35586 56
1767044181094 1.35181 57
1767044784081 1.34801 58
1767045392643 1.34805 59
1767045993561 1.34853 60
1767046597049 1.34247 61
1767047202559 1.33355 62
1767047784426 1.32968 63
1767048387829 1.32793 64
1767048994990 1.32582 65
1767049597285 1.31227 66
1767050201037 1.31205 67
