1767002883486 1.56003 0
1767003496700 1.49628 1
1767004114543 1.52126 2
1767004723882 1.52113 3
1767005314323 1.48732 4
1767005929800 1.45004 5
1767011304896 1.42942 6
1767011909121 1.41454 7
1767012498928 1.39777 8
1767013085843 1.3908 9
1767016095543 1.38606 10
1767016526222 1.37856 11
1767017002825 1.36863 12
1767017462295 1.35325 13
1767018055978 1.35627 14
1767018492219 1.34764 15
1767018881873 1.34053 16
1767020199509 1.33478 17
1767020805068 1.33017 18
1767021409722 1.32282 19
1767022013695 1.32156 20
1767022589608 1.31749 21
1767023191965 1.31318 22
1767023796630 1.30788 23
1767024395781 1.30594 24
1767025000520 1.30213 25
1767025605098 1.29933 26
1767026187913 1.30097 27
1767026786871 1.29537 28
1767027397717 1.29314 29
1767027996699 1.29572 30
1767028600450 1.28771 31
1767029202284 1.2876 32
1767029780849 1.28934 33
1767030384448 1.28134 34
1767030992352 1.28207 35
1767031594102 1.27764 36
1767032195910 1.27472 37
1767032797018 1.27575 38
1767033376837 1.26916 39
1767033976490 1.2687 40
1767034588624 1.27069 41
1767035185761 1.26528 42
1767035789733 1.26388 43
1767036393767 1.26421 44
1767036973300 1.26327 45
1767037579820 1.26303 46
1767038196383 1.26076 47
1767038789386 1.25622 48
1767039392125 1.25103 49
1767039996571 1.25174 50
1767040576339 1.2508 51
1767041178664 1.2473 52
1767041787032 1.24685 53
1767042385065 1.24459 54
1767042993358 1.24228 55
1767043599494 1.24296 56
1767044181094 1.23825 57
1767044784081 1.23634 58
1767045392643 1.23813 59
1767045993561 1.23456 60
1767046597049 1.23404 61
1767047202559 1.23194 62
1767047784426 1.2279 63
1767048387829 1.22917 64
1767048994990 1.22619 65
1767049597285 1.2238 66
1767050201037 1.22454 67
