1766971285850 0.13869 0
1766971520645 0.12721 1
1766971709012 0.10231 2
1766971958187 0.13044 3
1766972250170 0.13399 4
1766972501608 0.14885 5
1766972763791 0.14934 6
1766972999148 0.16173 7
1766973248233 0.16055 8
1766973491059 0.17257 9
1766973673909 0.16477 10
1766973901312 0.1713 11
1766974130781 0.1666 12
1766974376419 0.17462 13
1766974625285 0.17032 14
1766974826595 0.16548 15
1766975072725 0.17639 16
1766975268071 0.17858 17
1766975536632 0.17421 18
1766975765249 0.18149 19
1766976014460 0.17266 20
1766976258492 0.17973 21
1766976517207 0.18441 22
1766976768828 0.18371 23
1766977023208 0.18183 24
1766977278117 0.18262 25
1766977529765 0.18253 26
1766977776963 0.16931 27
1766977997117 0.17764 28
1766978231356 0.1795 29
1766978450174 0.17523 30
1766978693834 0.18587 31
1766978943022 0.1808 32
1766979157527 0.17613 33
