1766971285850 0.20406 0
1766971520645 0.19293 1
1766971709012 0.17137 2
1766971958187 0.20563 3
1766972250170 0.20275 4
1766972501608 0.2234 5
1766972763791 0.21961 6
1766972999148 0.23415 7
1766973248233 0.23281 8
1766973491059 0.2482 9
1766973673909 0.23386 10
1766973901312 0.24231 11
1766974130781 0.23736 12
1766974376419 0.24562 13
1766974625285 0.23649 14
1766974826595 0.2302 15
1766975072725 0.2434 16
1766975268071 0.24386 17
1766975536632 0.23851 18
1766975765249 0.24906 19
1766976014460 0.23579 20
1766976258492 0.24315 21
1766976517207 0.24978 22
1766976768828 0.24963 23
1766977023208 0.24748 24
1766977278117 0.24569 25
1766977529765 0.24535 26
1766977776963 0.22818 27
1766977997117 0.2391 28
1766978231356 0.24105 29
1766978450174 0.23416 30
1766978693834 0.24655 31
1766978943022 0.24084 32
1766979157527 0.23375 33
