1766971285850 0.24785 0
1766971520645 0.24381 1
1766971709012 0.22189 2
1766971958187 0.24052 3
1766972250170 0.23087 4
1766972501608 0.25409 5
1766972763791 0.27501 6
1766972999148 0.28324 7
1766973248233 0.27413 8
1766973491059 0.28478 9
1766973673909 0.28895 10
1766973901312 0.28162 11
1766974130781 0.29319 12
1766974376419 0.29336 13
1766974625285 0.28638 14
1766974826595 0.27604 15
1766975072725 0.28905 16
1766975268071 0.27935 17
1766975536632 0.28212 18
1766975765249 0.29617 19
1766976014460 0.27214 20
1766976258492 0.29012 21
1766976517207 0.28866 22
1766976768828 0.28976 23
1766977023208 0.29499 24
1766977278117 0.29614 25
1766977529765 0.28995 26
1766977776963 0.27845 27
1766977997117 0.28046 28
1766978231356 0.2881 29
1766978450174 0.28819 30
1766978693834 0.29033 31
1766978943022 0.28162 32
1766979157527 0.27948 33
