1766971285850 0.37207 0
1766971520645 0.33906 1
1766971709012 0.31121 2
1766971958187 0.38271 3
1766972250170 0.38303 4
1766972501608 0.39835 5
1766972763791 0.40529 6
1766972999148 0.42859 7
1766973248233 0.44206 8
1766973491059 0.44393 9
1766973673909 0.4241 10
1766973901312 0.42137 11
1766974130781 0.43065 12
1766974376419 0.43378 13
1766974625285 0.44179 14
1766974826595 0.44114 15
1766975072725 0.43856 16
1766975268071 0.48177 17
1766975536632 0.46459 18
1766975765249 0.46126 19
1766976014460 0.44181 20
1766976258492 0.45793 21
1766976517207 0.45607 22
1766976768828 0.45724 23
1766977023208 0.4601 24
1766977278117 0.45582 25
1766977529765 0.4504 26
1766977776963 0.43798 27
1766977997117 0.44579 28
1766978231356 0.45682 29
1766978450174 0.44645 30
1766978693834 0.4662 31
1766978943022 0.45368 32
1766979157527 0.44828 33
