1766980884707 0.95466 34
1766981129798 0.96043 35
1766981367530 0.95614 36
1766981554307 0.95362 37
1766981735953 0.94612 38
1766981915752 0.94034 39
1766982107646 0.93742 40
1766982353776 0.93388 41
1766982587717 0.93514 42
1766982820009 0.92324 43
1766983054345 0.92266 44
1766983299399 0.92129 45
1766983534825 0.91574 46
1766983732980 0.91151 47
1766983910262 0.9161 48
1766987587844 0.90629 49
1766987803437 0.90998 50
1766987975393 0.90003 51
1766989218922 0.9004 52
1766989430346 0.89561 53
1766989635271 0.89269 54
1766989844956 0.88507 55
1766990050908 0.88245 56
1766990270342 0.8809 57
1766990476593 0.87709 58
1766990682985 0.87658 59
1766990890227 0.87192 60
1766991110209 0.86719 61
1766991317281 0.87094 62
1766991526102 0.85656 63
1766991735226 0.85535 64
1766991948978 0.84967 65
1766992160474 0.85332 66
1766992367250 0.85016 67
1766992573907 0.84984 68
1766992780272 0.85388 69
1766993000514 0.84692 70
1766993207146 0.84362 71
1766993413712 0.84295 72
1766993621173 0.84158 73
1766993841921 0.83222 74
1766994050909 0.82963 75
1766994265477 0.82835 76
1766994477622 0.82908 77
1766994697622 0.83006 78
1766994907316 0.82277 79
1766995116423 0.82073 80
1766995325328 0.81581 81
1766995539779 0.8155 82
1766995754725 0.81175 83
1766995960180 0.80562 84
1766996165530 0.79765 85
1766996370504 0.80985 86
1766996588316 0.79563 87
1766996793743 0.7956 88
1766997000179 0.7893 89
1766997241954 0.72224 90
1766997456706 0.70735 91
