1766980884707 1.42611 34
1766981129798 1.41974 35
1766981367530 1.41435 36
1766981554307 1.40799 37
1766981735953 1.40266 38
1766981915752 1.38655 39
1766982107646 1.38196 40
1766982353776 1.38604 41
1766982587717 1.37601 42
1766982820009 1.37623 43
1766983054345 1.36026 44
1766983299399 1.35898 45
1766983534825 1.35212 46
1766983732980 1.34694 47
1766983910262 1.34752 48
1766987587844 1.33322 49
1766987803437 1.33987 50
1766987975393 1.31062 51
1766989218922 1.31647 52
1766989430346 1.30987 53
1766989635271 1.30349 54
1766989844956 1.29392 55
1766990050908 1.28609 56
1766990270342 1.29202 57
1766990476593 1.28327 58
1766990682985 1.27673 59
1766990890227 1.28104 60
1766991110209 1.26387 61
1766991317281 1.25868 62
1766991526102 1.2581 63
1766991735226 1.24743 64
1766991948978 1.25009 65
1766992160474 1.23996 66
1766992367250 1.23799 67
1766992573907 1.24045 68
1766992780272 1.23022 69
1766993000514 1.23596 70
1766993207146 1.23101 71
1766993413712 1.22948 72
1766993621173 1.22232 73
1766993841921 1.21038 74
1766994050909 1.20888 75
1766994265477 1.19883 76
1766994477622 1.19863 77
1766994697622 1.19822 78
1766994907316 1.18863 79
1766995116423 1.1824 80
1766995325328 1.17216 81
1766995539779 1.17701 82
1766995754725 1.17336 83
1766995960180 1.16822 84
1766996165530 1.15479 85
1766996370504 1.16341 86
1766996588316 1.15241 87
1766996793743 1.15091 88
1766997000179 1.13499 89
1766997241954 1.05483 90
1766997456706 1.02557 91
