1766980884707 1.08789 34
1766981129798 1.08951 35
1766981367530 1.08649 36
1766981554307 1.08445 37
1766981735953 1.08 38
1766981915752 1.07804 39
1766982107646 1.07433 40
1766982353776 1.07181 41
1766982587717 1.07471 42
1766982820009 1.07005 43
1766983054345 1.06722 44
1766983299399 1.06878 45
1766983534825 1.06377 46
1766983732980 1.06309 47
1766983910262 1.06138 48
1766987587844 1.05667 49
1766987803437 1.06058 50
1766987975393 1.05619 51
1766989218922 1.05581 52
1766989430346 1.0544 53
1766989635271 1.04826 54
1766989844956 1.05245 55
1766990050908 1.04404 56
1766990270342 1.04334 57
1766990476593 1.04222 58
1766990682985 1.041 59
1766990890227 1.04027 60
1766991110209 1.03797 61
1766991317281 1.03893 62
1766991526102 1.03313 63
1766991735226 1.0306 64
1766991948978 1.02958 65
1766992160474 1.02849 66
1766992367250 1.02974 67
1766992573907 1.02761 68
1766992780272 1.02916 69
1766993000514 1.02982 70
1766993207146 1.02244 71
1766993413712 1.02521 72
1766993621173 1.02212 73
1766993841921 1.02095 74
1766994050909 1.01711 75
1766994265477 1.01713 76
1766994477622 1.0175 77
1766994697622 1.01719 78
1766994907316 1.01132 79
1766995116423 1.00964 80
1766995325328 1.01086 81
1766995539779 1.01014 82
1766995754725 1.00676 83
1766995960180 1.00578 84
1766996165530 1.00215 85
1766996370504 1.00721 86
1766996588316 1.00112 87
1766996793743 1.0009 88
1766997000179 0.99724 89
1766997241954 0.95646 90
1766997456706 0.95135 91
